MEMORY
  total            13.6 MB
  struct          159.0 KB
  buffer          476.3 KB
  arena            13.0 MB, used 0.2%

SIZES
  narena                13631488
  nbuffer               487696
  nplugin               0
  maxuse_stack          1444
  maxuse_arena          29088
  maxuse_con            0
  maxuse_efc            10
  ncon                  0
  ne                    0
  nf                    7
  nl                    1
  nefc                  8
  nJ                    56
  nA                    0
  nisland               0
  threadpool            0

TIMER
    0:  duration =  0.025      number = 1
    1:  duration =  0.023      number = 1
    2:  duration =  0          number = 0
    3:  duration =  0.019      number = 1
    4:  duration =  0.00093    number = 1
    5:  duration =  0.00028    number = 1
    6:  duration =  0.0027     number = 1
    7:  duration =  0.0011     number = 1
    8:  duration =  0.0019     number = 1
    9:  duration =  0.00097    number = 2
    10:  duration =  0.014      number = 1
    11:  duration =  0.0016     number = 1
    12:  duration =  4e-05      number = 1
    13:  duration =  0.0021     number = 1
    14:  duration =  0.0026     number = 1

SOLVER STAT
  solver_fwdinv =   0         0       
  ISLAND 0
    solver_niter = 1
    solver_nnz = 49
      0:  improvement =  1.3e-08     gradient =  8.4e-17     lineslope =  0       
          nactive = 8   nchange = 0   neval = 2   nupdate = 0

ENERGY =   0         0       

TIME =  17      

QPOS
   0.68    
  -0.75    
  -0.78    
  -2.3     
  -2.8     
   3       
   0.78    

QVEL
   0.059   
  -0.057   
  -0.027   
  -0.17    
   3.2e-06 
  -0.16    
  -0.064   

QACC_WARMSTART
  -0.19    
   0.18    
   0.21    
   0.067   
   0.0093  
   0.025   
   0.47    

CTRL
   0.68    
  -0.76    
  -0.78    
  -2.3     
  -2.8     
   3       
   0.77    

QFRC_APPLIED
   0       
   0       
   0       
   0       
   0       
   0       
   0       

XFRC_APPLIED
   0         0         0         0         0         0       
   0         0         0         0         0         0       
   0         0         0         0         0         0       
   0         0         0         0         0         0       
   0         0         0         0         0         0       
   0         0         0         0         0         0       
   0         0         0         0         0         0       
   0         0         0         0         0         0       
   0         0         0         0         0         0       
   0         0         0         0         0         0       
   0         0         0         0         0         0       

QACC
  -0.19    
   0.18    
   0.21    
   0.067   
   0.0093  
   0.025   
   0.47    

XPOS
   0         0         0       
   0         0         0       
   0         0         0       
   0         0         0.33    
   0         0         0.33    
  -0.17     -0.14      0.56    
  -0.099    -0.15      0.6     
   0.29     -0.15      0.63    
   0.29     -0.15      0.63    
   0.29     -0.084     0.57    
   0.4      -0.084     0.57    

XQUAT
   1         0         0         0       
   1         0         0         0       
   1         0         0         0       
   0.94      0         0         0.33    
   0.71     -0.53     -0.46     -0.027   
   0.93      0.24     -0.27     -0.047   
   0.35      0.55      0.66     -0.37    
   0.31     -0.7       0.26     -0.59    
   0.66     -0.25      0.26      0.66    
   0.49      0.51      0.49      0.51    
   0.49      0.51      0.49      0.51    

XMAT
   1         0         0         0         1         0         0         0         1       
   1         0         0         0         1         0         0         0         1       
   1         0         0         0         1         0         0         0         1       
   0.78     -0.63      0         0.63      0.78      0         0         0         1       
   0.57      0.53     -0.63      0.46      0.43      0.78      0.68     -0.73     -1.1e-16 
   0.84     -0.048    -0.53     -0.22      0.88     -0.43      0.49      0.48      0.73    
  -0.15      0.99      0.048     0.47      0.11     -0.88     -0.87     -0.11     -0.48    
   0.16     -0.0052    0.99     -0.73     -0.67      0.11      0.66     -0.74     -0.11    
   1.3e-05  -1         0.0052    0.74      0.0035    0.67     -0.67      0.0038    0.74    
   0.0036    0.0037    1         1        -0.038    -0.0035    0.038     1        -0.0038  
   0.0036    0.0037    1         1        -0.038    -0.0035    0.038     1        -0.0038  

XIPOS
   0         0         0       
   0         0         0       
  -0.03     -0.00025   0.058   
   0.011    -0.014     0.29    
  -0.043    -0.024     0.39    
  -0.12     -0.14      0.56    
  -0.03     -0.16      0.64    
   0.2      -0.18      0.62    
   0.33     -0.11      0.58    
   0.28     -0.079     0.58    
   0.43     -0.084     0.57    

XIMAT
   1         0         0         0         1         0         0         0         1       
   1         0         0         0         1         0         0         0         1       
   0.011    -0.5       0.87      1         0.033     0.0069   -0.032     0.86      0.5     
   0.77     -0.64     -0.071     0.64      0.76      0.098    -0.0089   -0.12      0.99    
  -0.56     -0.7      -0.43      0.8      -0.33     -0.5       0.21     -0.63      0.75    
   0.89     -0.31     -0.33      0.35      0.93      0.072     0.29     -0.18      0.94    
   0.29     -0.52     -0.8      -0.2      -0.85      0.48     -0.94      0.021    -0.35    
  -0.11      0.28      0.95     -0.11     -0.96      0.27      0.99     -0.079     0.14    
  -0.84     -0.29      0.46      0.024     0.83      0.56     -0.54      0.48     -0.69    
   0.49     -0.18      0.85      0.043    -0.97     -0.22      0.87      0.15     -0.47    
   0.0036   -0.0037   -1         1         0.038     0.0035    0.038    -1         0.0038  

XANCHOR
   0         0         0.33    
   0         0         0.33    
  -0.17     -0.14      0.56    
  -0.099    -0.15      0.6     
   0.29     -0.15      0.63    
   0.29     -0.15      0.63    
   0.29     -0.084     0.57    

XAXIS
   0         0         1       
  -0.63      0.78      4.4e-16 
  -0.53     -0.43      0.73    
   0.048    -0.88     -0.48    
   0.99      0.11     -0.11    
   0.0052    0.67      0.74    
   1        -0.0035   -0.0038  

GEOM_XPOS
   0         0         0       
  -0.044    -0.0034    0.042   
   0.011    -2.2e-05   0.047   
  -0.042    -0.021     0.045   
  -0.034     8.7e-05   0.048   
   0.024     0.0002    0.12    
  -0.07      0.023     0.13    
  -0.008    -3.5e-05   0.12    
  -0.029    -0.00088   0.057   
   0.02     -0.024     0.26    
   0.02     -0.025     0.27    
  -0.057    -0.0042    0.38    
  -0.057    -0.0059    0.38    
  -0.12     -0.11      0.56    
  -0.11     -0.082     0.64    
  -0.11     -0.11      0.57    
  -0.046    -0.19      0.63    
  -0.09     -0.23      0.57    
  -0.053    -0.19      0.62    
   0.16     -0.18      0.62    
   0.18     -0.22      0.56    
   0.26     -0.22      0.57    
   0.18     -0.19      0.62    
   0.22     -0.099     0.56    
   0.29     -0.16      0.63    
   0.29     -0.098     0.59    
   0.29     -0.11      0.67    
   0.22     -0.066     0.59    
   0.22     -0.083     0.57    
   0.26     -0.1       0.62    
   0.22     -0.078     0.57    
   0.29     -0.11      0.6     
   0.38     -0.12      0.54    
   0.37     -0.086     0.57    
   0.38     -0.044     0.62    
   0.38     -0.044     0.62    
   0.37     -0.074     0.58    
   0.43     -0.084     0.57    

GEOM_XMAT
   1         0         0         0         1         0         0         0         1       
  -0.0085   -1         0.049     0.085    -0.05     -1         1        -0.0042    0.086   
   0.99     -0.12      1.5e-05   3.6e-05   0.00017  -1         0.12      0.99      0.00017 
   0.0025   -0.99     -0.11      0.087     0.11     -0.99      1        -0.0072    0.086   
  -0.31      0.0089    0.95     -0.021    -1         0.0025    0.95     -0.019     0.31    
   0.18     -0.98     -0.029    -0.0027    0.029    -1         0.98      0.18      0.0026  
   1         8.3e-06   0.0072    0.0072   -0.0012   -1         8.7e-19   1        -0.0012  
   0.034    -0.00032   1        -6.3e-05  -1        -0.00032   1        -5.2e-05  -0.034   
  -0.36      0.0082    0.93      0.022    -1         0.017     0.93      0.027     0.36    
   0.78     -0.59      0.22      0.63      0.73     -0.27      0.00032   0.34      0.94    
   0.78     -0.58      0.23      0.63      0.72     -0.29     -0.00025   0.37      0.93    
   0.57     -0.78     -0.26      0.46      0.56     -0.69      0.68      0.27      0.68    
   0.57     -0.77     -0.29      0.46      0.59     -0.67      0.68      0.25      0.69    
  -0.83     -0.51      0.21      0.49     -0.86     -0.16      0.26     -0.03      0.96    
  -0.077    -0.94      0.34      0.91     -0.2      -0.36      0.4       0.28      0.87    
  -0.97     -0.16      0.2       0.15     -0.98     -0.09      0.21     -0.058     0.98    
   0.29      0.61     -0.74      0.89     -0.46     -0.03     -0.36     -0.65     -0.67    
   0.11     -0.69     -0.72     -0.9      -0.38      0.22     -0.42      0.62     -0.66    
   0.41      0.55     -0.73      0.73     -0.68     -0.097    -0.55     -0.49     -0.68    
   0.16     -0.23      0.96     -0.72     -0.69     -0.042     0.68     -0.68     -0.28    
  -0.18     -0.16      0.97     -0.68      0.73     -0.0039   -0.71     -0.66     -0.24    
  -0.054    -0.16      0.99     -0.68      0.73      0.08     -0.73     -0.67     -0.15    
   0.16     -0.27      0.95     -0.73     -0.68     -0.072     0.66     -0.68     -0.3     
   1.3e-05  -1         0.0052    0.74      0.0035    0.67     -0.67      0.0038    0.74    
   0.0052   -0.5       0.86      0.67     -0.64     -0.38      0.74      0.58      0.34    
  -0.0062    1         0.032     0.77     -0.016     0.63      0.63      0.029    -0.77    
   0.0052    1         1.3e-05   0.67     -0.0035    0.74      0.74     -0.0038   -0.67    
   1.3e-05  -1         0.0052    0.74      0.0035    0.67     -0.67      0.0038    0.74    
  -1        -1.3e-05   0.0052    0.0035   -0.74      0.67      0.0038    0.67      0.74    
  -0.41      0.71     -0.58      0.66      0.67      0.35      0.63     -0.24     -0.74    
  -0.98      0.0052    0.21      0.16      0.67      0.72     -0.14      0.74     -0.66    
  -0.0018    0.99     -0.13      0.77      0.083     0.63      0.64     -0.098    -0.76    
   0.0036    0.0037    1         1        -0.038    -0.0035    0.038     1        -0.0038  
   1         0.00034  -0.0057    0.0044   -0.7       0.72     -0.0038   -0.72     -0.7     
   0.98     -0.22     -3.5e-05  -0.15     -0.66      0.73     -0.16     -0.72     -0.68    
   0.89     -0.45      8.6e-05  -0.31     -0.61      0.73     -0.33     -0.65     -0.68    
   1         0.00022  -0.059    -0.04     -0.73     -0.68     -0.043     0.68     -0.73    
   0.0036   -0.0037   -1         1         0.038     0.0035    0.038    -1         0.0038  

SITE_XPOS
   0.4      -0.084     0.57    
   0.6      -0.085     0.57    

SITE_XMAT
   0.0036    0.0037    1         1        -0.038    -0.0035    0.038     1        -0.0038  
   0.0036    0.0037    1         1        -0.038    -0.0035    0.038     1        -0.0038  

LIGHT_XPOS
   0         0         1.5     

LIGHT_XDIR
   0         0        -1       

SUBTREE_COM
   0.04     -0.082     0.44    
   0.04     -0.082     0.44    
   0.04     -0.082     0.44    
   0.052    -0.097     0.5     
   0.062    -0.12      0.55    
   0.094    -0.14      0.6     
   0.16     -0.15      0.62    
   0.26     -0.14      0.6     
   0.32     -0.1       0.58    
   0.28     -0.08      0.58    
   0.43     -0.084     0.57    

CDOF
   0         0         1         0.082     0.04     -0       
  -0.63      0.78      4.4e-16   0.08      0.064     0.021   
  -0.53     -0.43      0.73      0.016     0.084     0.061   
   0.048    -0.88     -0.48      0.18     -0.059     0.12    
   0.99      0.11     -0.11     -0.015     0.22      0.095   
   0.0052    0.67      0.74     -0.18     -0.19      0.17    
   1        -0.0035   -0.0038    0.00049   0.14      0.00046 

CINERT
   0         0         0         0         0         0         0         0         0         0       
   0         0         0         0         0         0        -0         0        -0         0       
   0.43      0.43      0.043     0.016    -0.076     0.087    -0.2       0.23     -1.1       2.8     
   0.095     0.084     0.022     0.0064   -0.011     0.026    -0.083     0.2      -0.41      2.9     
   0.061     0.077     0.063     0.00091  -0.0084    0.018    -0.24      0.17     -0.14      2.9     
   0.066     0.11      0.081    -0.017     0.047     0.016    -0.35     -0.12      0.28      2.2     
   0.15      0.16      0.076    -0.0069    0.027     0.048    -0.18     -0.21      0.54      2.6     
   0.12      0.18      0.14      0.027    -0.073     0.039     0.36     -0.22      0.43      2.3     
   0.056     0.21      0.17      0.012    -0.075     0.013     0.53     -0.053     0.27      1.8     
   0.014     0.049     0.035    -0.00039  -0.022    -0.00029   0.15      0.0018    0.092     0.63    
   0.0006    0.0055    0.0049    2.3e-05  -0.0017    7.9e-06   0.012    -5.8e-05   0.0043    0.031   

ACTUATOR_LENGTH
   0.68    
  -0.75    
  -0.78    
  -2.3     
  -2.8     
   3       
   0.78    

actuator_moment
---------
 x       |
  x      |
   x     |
    x    |
     x   |
      x  |
       x |
---------

ACTUATOR_MOMENT
     0:  1       
     1:  1       
     2:  1       
     3:  1       
     4:  1       
     5:  1       
     6:  1       

CRB
   0         0         0         0         0         0         0         0         0         0       
   0.99      1.3       0.63      0.038    -0.19      0.25     -4.4e-16   4.4e-16  -2.2e-16   18      
   0.99      1.3       0.63      0.038    -0.19      0.25     -4.4e-16   4.4e-16  -2.2e-16   18      
   0.56      0.87      0.59      0.022    -0.12      0.16      0.2      -0.23      1.1       16      
   0.47      0.79      0.56      0.016    -0.11      0.13      0.28     -0.43      1.5       13      
   0.41      0.71      0.5       0.015    -0.097     0.12      0.52     -0.6       1.6       9.7     
   0.34      0.6       0.42      0.032    -0.14      0.1       0.88     -0.48      1.3       7.4     
   0.19      0.44      0.34      0.039    -0.17      0.052     1.1      -0.28      0.8       4.8     
   0.07      0.26      0.21      0.012    -0.098     0.013     0.7      -0.051     0.37      2.5     
   0.014     0.055     0.04     -0.00037  -0.023    -0.00028   0.16      0.0018    0.096     0.66    
   0.0006    0.0055    0.0049    2.3e-05  -0.0017    7.9e-06   0.012    -5.8e-05   0.0043    0.031   

QM
   0.96    
   0.47      1.3     
   0.49      0.26      1.1     
  -0.3      -0.42     -0.019     0.96    
   0.036    -0.015     0.05      0.007     0.11    
   0.012    -0.0065    0.018    -0.052     0.0026    0.11    
  -0.0014   -0.0013   -0.0014    0.0018   -4.3e-05   0.00019   0.074   

QLD
     0:  0.6     
     0:  0.22       1:  1       
     0:  0.44       1:  0.24       2:  1.1     
     0: -0.32       1: -0.45       2: -0.014      3:  0.93    
     0:  0.31       1: -0.13       2:  0.43       3:  0.072      4:  0.11    
     0:  0.12       1: -0.062      2:  0.17       3: -0.49       4:  0.024      5:  0.11    
     0: -0.019      1: -0.018      2: -0.019      3:  0.024      4: -0.00058    5:  0.0025     6:  0.074   

QLDIAGINV
   1.7     
   0.97    
   0.94    
   1.1     
   8.7     
   9.5     
   13      

QH
     0:  1.6     
     0:  0.16       1:  2       
     0:  0.27       1:  0.14       2:  1.8     
     0: -0.18       1: -0.25       2: -0.01       3:  1.7     
     0:  0.07       1: -0.029      2:  0.096      3:  0.014      4:  0.51    
     0:  0.025      1: -0.013      2:  0.036      3: -0.1        4:  0.0051     5:  0.51    
     0: -0.003      1: -0.0028     2: -0.003      3:  0.0038     4: -9.1e-05    5:  0.0004     6:  0.47    

QHDIAGINV
   0.62    
   0.49    
   0.56    
   0.6     
   1.9     
   2       
   2.1     

B: body-dof matrix
---------
 xxxxxxx |
 xxxxxxx |
 xxxxxxx |
 xxxxxxx |
 xxxxxxx |
 xxxxxxx |
 xxxxxxx |
 xxxxxxx |
 xxxxxxx |
 xxxxxxx |
 xxxxxxx |
---------

B_rownnz              7 7 7 7 7 7 7 7 7 7 7

B_rowadr              0 7 14 21 28 35 42 49 56 63 70

B_colind              0 1 2 3 4 5 6 0 1 2 3 4 5 6 0 1 2 3 4 5 6 0 1 2 3 4 5 6 0 1 2 3 4 5 6 0 1 2 3 4 5 6 0 1 2 3 4 5 6 0 1 2 3 4 5 6 0 1 2 3 4 5 6 0 1 2 3 4 5 6 0 1 2 3 4 5 6

M: inertia matrix
---------
 x       |
 xx      |
 xxx     |
 xxxx    |
 xxxxx   |
 xxxxxx  |
 xxxxxxx |
---------

M_rownnz              1 2 3 4 5 6 7

M_rowadr              0 1 3 6 10 15 21

M_colind              0 0 1 0 1 2 0 1 2 3 0 1 2 3 4 0 1 2 3 4 5 0 1 2 3 4 5 6

mapM2M                0 2 1 5 4 3 9 8 7 6 14 13 12 11 10 20 19 18 17 16 15 27 26 25 24 23 22 21

C: reduced dof-dof matrix
---------
 x       |
 xx      |
 xxx     |
 xxxx    |
 xxxxx   |
 xxxxxx  |
 xxxxxxx |
---------

C_rownnz              1 2 3 4 5 6 7

C_rowadr              0 1 3 6 10 15 21

C_colind              0 0 1 0 1 2 0 1 2 3 0 1 2 3 4 0 1 2 3 4 5 0 1 2 3 4 5 6

mapM2C                0 2 1 5 4 3 9 8 7 6 14 13 12 11 10 20 19 18 17 16 15 27 26 25 24 23 22 21

D: dof-dof matrix
---------
 Dxxxxxx |
 xDxxxxx |
 xxDxxxx |
 xxxDxxx |
 xxxxDxx |
 xxxxxDx |
 xxxxxxD |
---------

D_rownnz              7 7 7 7 7 7 7

D_rowadr              0 7 14 21 28 35 42

D_colind              0 1 2 3 4 5 6 0 1 2 3 4 5 6 0 1 2 3 4 5 6 0 1 2 3 4 5 6 0 1 2 3 4 5 6 0 1 2 3 4 5 6 0 1 2 3 4 5 6

mapM2D                0 2 5 9 14 20 27 2 1 4 8 13 19 26 5 4 3 7 12 18 25 9 8 7 6 11 17 24 14 13 12 11 10 16 23 20 19 18 17 16 15 22 27 26 25 24 23 22 21

mapD2M                0 8 7 16 15 14 24 23 22 21 32 31 30 29 28 40 39 38 37 36 35 48 47 46 45 44 43 42

QDERIV
     0: -4.5e+02    1:  0          2:  0          3:  0          4:  0          5:  0          6:  0       
     0:  0          1: -4.5e+02    2:  0          3:  0          4:  0          5:  0          6:  0       
     0:  0          1:  0          2: -3.5e+02    3:  0          4:  0          5:  0          6:  0       
     0:  0          1:  0          2:  0          3: -3.5e+02    4:  0          5:  0          6:  0       
     0:  0          1:  0          2:  0          3:  0          4: -2e+02      5:  0          6:  0       
     0:  0          1:  0          2:  0          3:  0          4:  0          5: -2e+02      6:  0       
     0:  0          1:  0          2:  0          3:  0          4:  0          5:  0          6: -2e+02   

CONTACT
EFC_TYPE
  1
  1
  1
  1
  1
  1
  1
  3

EFC_ID
  0
  1
  2
  3
  4
  5
  6
  4

EFC_J
   1         0         0         0         0         0         0       
   0         1         0         0         0         0         0       
   0         0         1         0         0         0         0       
   0         0         0         1         0         0         0       
   0         0         0         0         1         0         0       
   0         0         0         0         0         1         0       
   0         0         0         0         0         0         1       
   0         0         0         0         1         0         0       

EFC_POS
   0       
   0       
   0       
   0       
   0       
   0       
   0       
  -0.00014 

EFC_MARGIN
   0       
   0       
   0       
   0       
   0       
   0       
   0       
   0       

EFC_FRICTIONLOSS
   1.1     
   1.1     
   1.1     
   1.1     
   0.76    
   0.44    
   0.25    
   0       

EFC_DIAGAPPROX
   3.5     
   0.75    
   3.9     
   2.6     
   9.2     
   9.4     
   13      
   9.2     

EFC_KBIP
   0         1.1e+02   0.9       0       
   0         1.1e+02   0.9       0       
   0         1.1e+02   0.9       0       
   0         1.1e+02   0.9       0       
   0         1.1e+02   0.9       0       
   0         1.1e+02   0.9       0       
   0         1.1e+02   0.9       0       
   2.8e+03   1.1e+02   0.9      -28      

EFC_D
   2.6     
   12      
   2.3     
   3.5     
   0.98    
   0.95    
   0.67    
   1       

EFC_R
   0.39    
   0.083   
   0.43    
   0.29    
   1       
   1       
   1.5     
   1       

ACTUATOR_VELOCITY
   0.059   
  -0.057   
  -0.027   
  -0.17    
   3.1e-06 
  -0.16    
  -0.064   

CVEL
   0         0         0         0         0         0       
   0         0         0         0         0         0       
   0         0         0         0         0         0       
   0         0         0.059     0.0049    0.0024    0       
   0.036    -0.044     0.059     0.00034  -0.0013   -0.0012  
   0.05     -0.033     0.039    -9.5e-05  -0.0036   -0.0028  
   0.042     0.11      0.12     -0.03      0.0062   -0.024   
   0.042     0.11      0.12     -0.03      0.0062   -0.024   
   0.041     0.0023   -0.0024   -0.00037   0.037    -0.052   
  -0.023     0.0025   -0.0021   -0.0004    0.028    -0.052   
  -0.023     0.0025   -0.0021   -0.0004    0.028    -0.052   

CDOF_DOT
   0         0         0         0         0         0       
  -0.046    -0.037     0        -0.0038    0.0047    0.0053  
  -0.0068   -0.058    -0.039    -0.0091   -0.00085   0.0028  
   0.05      0.026    -0.042    -0.0025    0.00074   0.0032  
  -0.026     0.12     -0.11     -0.014    -0.032     0.0016  
   0.0033   -0.031     0.028     0.062    -0.0066   -0.0077  
  -1.7e-05  -0.0022   -0.0024    9.4e-06  -0.052    -0.031   

QFRC_BIAS
   0.0035  
   3.1     
   11      
   16      
   0.6     
  -0.45    
   0.026   

QFRC_SPRING
   0       
   0       
   0       
   0       
   0       
   0       
   0       

QFRC_DAMPER
  -0.012   
   0.012   
   0.0057  
   0.035   
  -6.5e-07 
   0.035   
   0.014   

QFRC_GRAVCOMP
   0       
   0       
   0       
   0       
   0       
   0       
   0       

QFRC_FLUID
   0       
   0       
   0       
   0       
   0       
   0       
   0       

QFRC_PASSIVE
  -0.012   
   0.012   
   0.0057  
   0.035   
  -6.5e-07 
   0.035   
   0.014   

EFC_VEL
   0.059   
  -0.057   
  -0.027   
  -0.17    
   3.1e-06 
  -0.16    
  -0.064   
   3.1e-06 

EFC_AREF
  -6.2     
   6       
   2.9     
   17      
  -0.00033 
   17      
   6.8     
   0.35    

SUBTREE_LINVEL
   0         0         0       
   0         0         0       
   0         0         0       
   0         0         0       
   0         0         0       
   0         0         0       
   0         0         0       
   0         0         0       
   0         0         0       
   0         0         0       
   0         0         0       

SUBTREE_ANGMOM
   0         0         0       
   0         0         0       
   0         0         0       
   0         0         0       
   0         0         0       
   0         0         0       
   0         0         0       
   0         0         0       
   0         0         0       
   0         0         0       
   0         0         0       

ACTUATOR_FORCE
   1.1     
   2.1     
   10      
   15      
   0.28    
  -0.92    
  -0.2     

QFRC_ACTUATOR
   1.1     
   2.1     
   10      
   15      
   0.28    
  -0.92    
  -0.2     

QFRC_SMOOTH
   1.1     
  -0.97    
  -0.96    
  -1.1     
  -0.33    
  -0.44    
  -0.21    

QACC_SMOOTH
   2.5     
  -1.9     
  -1.4     
  -1.5     
  -3.1     
  -5       
  -2.8     

EFC_B
   8.8     
  -7.9     
  -4.2     
  -19      
  -3.1     
  -22      
  -9.6     
  -3.5     

EFC_FORCE
  -1.1     
   1.1     
   1.1     
   1.1     
  -0.0094  
   0.44    
   0.25    
   0.34    

EFC_STATE
  3
  2
  2
  2
  1
  2
  2
  1

QFRC_CONSTRAINT
  -1.1     
   1.1     
   1.1     
   1.1     
   0.33    
   0.44    
   0.25    

QFRC_INVERSE
   0       
   0       
   0       
   0       
   0       
   0       
   0       

CACC
   0         0         0         0         0         0       
   0         0         0         0         0         0       
   0         0         0         0         0         0       
   0         0         0         0         0         0       
   0         0         0         0         0         0       
   0         0         0         0         0         0       
   0         0         0         0         0         0       
   0         0         0         0         0         0       
   0         0         0         0         0         0       
   0         0         0         0         0         0       
   0         0         0         0         0         0       

CFRC_INT
   0         0         0         0         0         0       
   0         0         0         0         0         0       
   0         0         0         0         0         0       
   0         0         0         0         0         0       
   0         0         0         0         0         0       
   0         0         0         0         0         0       
   0         0         0         0         0         0       
   0         0         0         0         0         0       
   0         0         0         0         0         0       
   0         0         0         0         0         0       
   0         0         0         0         0         0       

CFRC_EXT
   0         0         0         0         0         0       
   0         0         0         0         0         0       
   0         0         0         0         0         0       
   0         0         0         0         0         0       
   0         0         0         0         0         0       
   0         0         0         0         0         0       
   0         0         0         0         0         0       
   0         0         0         0         0         0       
   0         0         0         0         0         0       
   0         0         0         0         0         0       
   0         0         0         0         0         0       

